TP = 1678
TP+FP = 3433
FP = 1755
FN = 290

precision = 1678/3433 = 0.488785319
recall = 1678/(1678+290) = 0.852642276
F-score = 0.621366414
